Modelo: Random Forest
MSE: 272031595.83943266
MAE: 12787.647256195392
R2: 0.3520374050547015

Modelo: SVR
MSE: 431031686.7836499
MAE: 15870.464164500343
R2: -0.026691070241840364

Modelo: Linear Regression
MSE: 263982415.34249115
MAE: 12530.459201657517
R2: 0.3712100598556527

